(0, b'frontrighthip', 0, 7, 6, 1, 0.0, 0.0, 0.0, -1.0, 1.0, 20.0, b'righthip', (0.0, 0.0, 1.0), (-0.03675444367396, -0.06094527528301248, -0.0005569713680319046), (0.7071036430310506, -0.00210665901763837, -0.0021066590176382527, 0.7071036430310506), -1)
(1, b'topservo_frontright', 0, 8, 7, 1, 0.0, 0.0, 0.0, -1.0, 1.0, 20.0, b'rightservoattachment', (0.0, 0.0, 1.0), (-0.014835128703083426, -0.00573868584510173, 0.003872894784423025), (0.7070864435640729, 0.005362958876470147, 0.7070864435640735, -0.005362958876501677), 0)
(2, b'pivot_frontright', 0, 9, 8, 1, 0.0, 0.0, 0.0, -1.0, 1.0, 20.0, b'rightpivot', (0.0, 0.0, 1.0), (-0.007149479185206052, 1.5196831059240174e-11, -0.002052712019663573), (-7.82511151754635e-16, -3.700899362978415e-16, -0.0022920303645236275, 0.9999973732949543), 1)
(3, b'thigh_frontright', 0, 10, 9, 1, 0.0, 0.0, 0.0, -1.0, 1.0, 20.0, b'rightthigh', (0.0, 0.0, 1.0), (-0.007696709919509393, -0.005456074882864804, 0.0032935499344021245), (4.449913270146305e-16, -1.752234663825262e-16, 0.39083940398059785, 0.9204588857173855), 2)
(4, b'foot_frontright', 0, 11, 10, 1, 0.0, 0.0, 0.0, -1.0, 1.0, 20.0, b'rightfoot', (0.0, 0.0, 1.0), (0.021719204683302205, -0.0003609088567265417, -0.0025047118085990703), (0.6439908858890325, 0.7650331619556495, -1.1476571577063952e-17, -1.0871628672621183e-16), 3)
(5, b'backrighthip', 0, 12, 11, 1, 0.0, 0.0, 0.0, -1.0, 1.0, 20.0, b'righthip_2', (0.0, 0.0, 1.0), (-0.03675444367395994, 0.03405472471698756, -0.0005569713680318844), (0.7071025544779058, -0.002444882578026308, -0.0024448825780261905, 0.7071025544779057), -1)
(6, b'topservo_backright', 0, 13, 12, 1, 0.0, 0.0, 0.0, -1.0, 1.0, 20.0, b'rightservoattachment_2', (0.0, 0.0, 1.0), (-0.014835128703083428, -0.005735223318365696, 0.00378905157709555), (0.707106781186548, -4.3297802811774633e-17, 0.707106781186547, -4.3297802811774695e-17), 5)
(7, b'pivot_backright', 0, 14, 13, 1, 0.0, 0.0, 0.0, -1.0, 1.0, 20.0, b'rightpivot_2', (0.0, 0.0, 1.0), (-0.0071494791852060825, 1.519682641521682e-11, -0.0020527120196636), (-4.786630139832748e-17, -1.439747907111701e-18, -0.014930565852820118, 0.9998885328891989), 6)
(8, b'thigh_backright', 0, 15, 14, 1, 0.0, 0.0, 0.0, -1.0, 1.0, 20.0, b'rightthigh_2', (0.0, 0.0, 1.0), (-0.007249759449936578, -0.005036182050824695, 0.003293549934402094), (-1.3259616424844174e-16, 1.1565864112151957e-16, 0.46782141484202194, 0.8838230161153356), 7)
(9, b'foot_backright', 0, 16, 15, 1, 0.0, 0.0, 0.0, -1.0, 1.0, 20.0, b'rightfoot_2', (0.0, 0.0, 1.0), (0.0217192046833055, -0.00036090885672892186, -0.002504711808599844), (0.6031414204647941, 0.7976342688975383, -6.116854617578314e-16, 2.4694720488972733e-14), 8)
(10, b'frontlefthip', 0, 17, 16, 1, 0.0, 0.0, 0.0, -1.0, 1.0, 20.0, b'lefthip', (0.0, 0.0, 1.0), (0.036845556326040425, -0.06094527528301231, -0.0009569713680321345), (0.012242917007420894, 0.7070007857019323, 0.7070007857019321, 0.012242917007420808), -1)
(11, b'topservo_frontleft', 0, 18, 17, 1, 0.0, 0.0, 0.0, -1.0, 1.0, 20.0, b'leftservoattachment', (0.0, 0.0, 1.0), (-0.014541922428248318, 0.00555490215750827, 0.004670164330410495), (0.6546248525229976, -0.26733182088759266, 0.6546248525232173, 0.2673318208876821), 10)
(12, b'pivot_frontleft', 0, 19, 18, 1, 0.0, 0.0, 0.0, -1.0, 1.0, 20.0, b'leftpivot', (0.0, 0.0, 1.0), (-0.007149479185206043, 1.519678540492594e-11, -0.0020527120196635823), (1.777508570515103e-14, 6.987136309536876e-15, 0.3780642867531971, 0.9257793447046636), 11)
(13, b'thigh_frontleft', 0, 20, 19, 1, 0.0, 0.0, 0.0, -1.0, 1.0, 20.0, b'leftthigh', (0.0, 0.0, 1.0), (-0.008003450251498198, 0.0058116957091288455, 0.0032935499344116355), (3.2902952234567897e-16, 5.4617686640742205e-17, -0.3855513568906636, 0.9226863774868296), 12)
(14, b'foot_frontleft', 0, 21, 20, 1, 0.0, 0.0, 0.0, -1.0, 1.0, 20.0, b'leftfoot', (0.0, 0.0, 1.0), (0.0217192047000707, 0.00036090962217509646, -0.0025047117206797526), (-0.6799197819671845, 0.7332864993232157, 8.738178216015502e-16, -1.9919594227594534e-16), 13)
(15, b'backlefthip', 0, 22, 21, 1, 0.0, 0.0, 0.0, -1.0, 1.0, 20.0, b'lefthip_2', (0.0, 0.0, 1.0), (0.03684555632604012, 0.03405472471698753, -0.0009569713680318919), (8.094655176411745e-17, 0.7071067811865476, 0.7071067811865475, -5.6490538594318865e-18), -1)
(16, b'topservo_backleft', 0, 23, 22, 1, 0.0, 0.0, 0.0, -1.0, 1.0, 20.0, b'leftservoattachment_2', (0.0, 0.0, 1.0), (-0.014541922428248366, 0.0055604664301841765, 0.004706459624232866), (0.7071067811866661, -4.32978028117674e-17, 0.7071067811864289, -4.329780281178193e-17), 15)
(17, b'pivot_backleft', 0, 24, 23, 1, 0.0, 0.0, 0.0, -1.0, 1.0, 20.0, b'leftpivot_2', (0.0, 0.0, 1.0), (-0.007149479185206038, 1.5196818608992253e-11, -0.002052712019663579), (1.1220421188317611e-32, -2.7984945714788997e-30, 3.5234445644579746e-43, 1.0), 16)
(18, b'thigh_backleft', 0, 25, 24, 1, 0.0, 0.0, 0.0, -1.0, 1.0, 20.0, b'leftthigh_2', (0.0, 0.0, 1.0), (-0.00811107517259151, 0.0059535565298882145, 0.003293549934411642), (-1.2166204855901144e-16, -1.2166204855738764e-16, -0.3652781043647901, 0.9308984404711749), 17)
(19, b'foot_backleft', 0, 26, 25, 1, 0.0, 0.0, 0.0, -1.0, 1.0, 20.0, b'leftfoot_2', (0.0, 0.0, 1.0), (0.021719204700070646, 0.0003609096221751052, -0.0025047117206797934), (-0.6979687655539195, 0.7161282024268684, -4.679670142101929e-17, -3.971510425287767e-17), 18)